barcode,patient_id,collection_date,patient_id_collection_date,visit_type_dev,number_days_collected_after_recruitment,number_days_collected_after_symptom_onset,number_days_collected_after_covid_test,egf,f_gf_2,eotaxin,tgf_a,g_csf,fit_3l,gncsf,fractaikine,ifna2,ifny,gro,il_10,mcp_3,il_12p40,mdc,il_12p70,il_13,il_15,scd40l,il_17a,il_1ra,il_1a,il_9,il_1b,il_2,il_3,il_4,il_5,il_6,il_7,il_8,ip_10,mcp_1,mip_1a,mip_1b,tnfa,tnfb,vegf
EM11FJ4U,P049-C19,2020-06-12,P049-C19_2020-06-12,mid,1,9,6,44.60,41.21,45.71,19.38,2441.22,,,,,112.16,2964.15,45.61,,,304.46,,,96.67,,,4584.37,,,,,,,,523.88,11.70,496.17,16375.37,1734.45,12.34,39.58,83.57,,191.89
EM11FJ5B,P050-C19,2020-06-12,P050-C19_2020-06-12,mid,1,9,4,15.00,55.22,157.44,5.53,,,,,,,3870.26,35.46,,32.31,584.78,,9.91,17.23,157.45,,44.49,,,,,,,,30.65,,552.82,278.29,415.35,15.55,23.39,19.50,,
EM11FJ5R,P051-C19,2020-06-12,P051-C19_2020-06-12,mid,1,28,24,47.75,48.65,216.65,9.64,234.12,74.64,12.55,,,63.62,4363.42,45.22,234.36,30.14,1077.68,22.33,360.65,23.65,240.29,12.73,1683.73,179.91,118.33,6.06,,,1692.25,40.90,173.02,17.86,326.23,635.48,2045.10,12.44,41.40,48.56,405.64,327.42
EM11FJ68,P052-C19,2020-06-12,P052-C19_2020-06-12,mid,1,11,3,141.03,48.65,271.27,6.85,,,,,,,13416.41,21.64,291.21,,288.50,,285.85,9.46,599.05,,46.96,343.10,125.29,5.16,,,1990.59,37.21,175.99,14.91,480.52,1851.93,1586.99,,42.16,47.06,1005.46,767.23
EM11FM9G,P053-C19,2020-06-19,P053-C19_2020-06-19,mid,2,,2,82.01,,129.63,8.60,,,,,,,1762.94,6.63,,,457.99,,,4.65,2594.18,,81.58,,,,,,,29.92,5.88,,23.82,643.27,316.39,,23.11,15.71,,
EM11FM69,P054-C19,2020-06-19,P054-C19_2020-06-19,mid,2,9,3,41.78,94.36,133.41,33.72,,,10.50,,,16.34,3848.29,30.35,77.45,13.23,276.35,,22.03,22.73,323.72,,255.14,10.61,15.32,4.44,1.94,,81.50,,51.91,16.41,73.21,8556.95,2690.93,12.65,86.86,84.59,81.83,208.20
EM11FMB1,P053-C19,2020-06-19,P053-C19_2020-06-19,mid,2,,2,156.79,71.88,88.16,3.00,,,,,100.03,,3059.61,8.29,,,359.45,,,5.95,1102.10,,105.72,,,7.66,,,,,7.39,,15.39,568.76,125.70,,13.74,13.47,16.03,
EM11FO9D,P002-C19,2020-06-25,P002-C19_2020-06-25,followup,43,47,45,10.62,,363.80,1.40,,,,,,,3320.43,7.88,,13.63,778.74,,,,888.92,,29.97,,,,,,,,2.48,,21.62,507.28,526.28,,18.00,26.67,,
EM11FOB2,P007-C19,2020-06-25,P007-C19_2020-06-25,followup,41,48,42,,20.06,65.01,,,,,,,,2051.94,,,,889.93,,,,46.54,,28.39,,,,,,,,,,6.31,388.07,211.20,320.44,18.47,14.11,,
EM11FOCQ,P006-C19,2020-06-25,P006-C19_2020-06-25,followup,43,50,44,28.93,66.70,95.38,11.10,78.91,,22.83,,,,918.18,21.64,404.77,39.49,333.86,8.57,580.81,19.99,72.41,,90.10,564.02,251.07,11.88,,,4054.55,90.10,234.94,10.85,150.04,288.90,332.14,2.26,27.96,16.50,935.05,
EM11FOEF,P005-C19,2020-06-25,P005-C19_2020-06-25,followup,43,50,44,,,67.22,,,,,,,,1781.72,,,,896.21,,,,,,18.39,,,,,,,,,,5.43,411.12,220.23,270.50,18.16,10.89,,
EM11FOHC,P033-C19,2020-05-29,P033-C19_2020-05-29,mid,5,8,7,10.82,,86.93,,20065.39,525.27,,,,,478.85,17.24,108.46,,199.42,,52.12,7.87,,,15.69,30.80,21.49,,,,214.56,7.09,28.63,,97.39,815.43,1327.51,8.42,15.75,14.27,75.05,
EM11FOIY,P040-C19,2020-05-29,P040-C19_2020-05-29,mid,3,30,21,154.44,63.99,172.52,9.38,,,,,,,2700.16,10.76,,11.26,359.89,,9.01,,,,60.25,14.84,8.80,,,,86.28,,19.63,133.24,145.57,265.39,405.55,2.71,39.79,7.28,79.98,
EM11FOL2,P004-C19,2020-06-05,P004-C19_2020-06-05,mid,23,39,25,77.29,66.70,135.58,30.53,,63.70,12.55,,,,2808.70,16.84,199.76,18.25,221.01,,150.76,13.53,72.41,,168.70,79.73,86.85,4.35,,,1147.13,23.48,79.34,9.97,289.61,732.59,756.06,1.77,60.60,32.21,313.95,117.07
EM11FOO8,P014-C19,2020-05-29,P014-C19_2020-05-29,mid,10,38,12,,267.56,,5.88,,,,,,,1348.08,8.29,,,303.55,,,6.59,,,,,,,,,,,10.35,,314.80,4991.33,319.19,42.91,73.95,6.95,43.98,
EM11FOOC,P025-C19,2020-05-29,P025-C19_2020-05-29,mid,8,11,9,500.68,,72.75,7.47,,,,,,,1743.86,13.21,127.21,,156.48,,,10.87,,,70.31,,,,,,,,10.27,,159.00,3565.50,1041.62,9.17,37.88,12.18,,186.30
EM11FOOG,P025-C19,2020-05-30,P025-C19_2020-05-30,mid,9,12,10,326.42,,127.78,9.03,,,,,,,1693.69,13.21,105.28,,164.35,,,9.30,292.84,,75.68,,,,,,,,7.96,,247.40,2226.42,1375.99,6.77,52.90,12.83,,214.80
EM11FOOL,P025-C19,2020-06-05,P025-C19_2020-06-05,mid,15,18,16,180.74,,127.31,15.39,,,,,,24.78,2543.99,,110.69,,228.36,,,5.95,,,128.04,,,,,,,,2.48,,351.96,1127.12,1056.54,22.51,70.46,21.54,,150.61
EM11FOOW,P028-C19,2020-05-30,P028-C19_2020-05-30,mid,6,33,28,56.86,,88.16,4.28,,,,,,,2571.57,,,,572.02,,,,110.85,,34.21,,,,,,,,,,865.06,189.69,611.93,10.58,67.29,10.73,,
EM11FOP1,P009-C19,2020-05-30,P009-C19_2020-05-30,mid,15,27,17,24.22,,41.66,10.15,466.67,173.09,,,,,5706.56,11.99,,,151.35,,6.70,7.07,,,72.22,,,,,,,,4.14,,60.00,824.43,981.34,2.02,55.71,38.01,14.08,
EM11FOP5,P038-C19,2020-05-29,P038-C19_2020-05-29,mid,3,68,63,459.98,,108.13,38.33,,,,,,,4663.22,7.26,,,729.27,,,,,,39.06,,,,,,,,3.78,,353.50,325.58,698.10,27.43,50.78,10.24,,279.33
EM11FOP9,P036-C19,2020-05-29,P036-C19_2020-05-29,mid,3,22,18,40.65,26.87,113.54,14.33,,75.34,,149.42,,,941.43,41.32,,,,,,,,,76.00,,,,,,,,149.74,,1747.41,991.94,3651.73,29.48,107.60,42.85,,
EM11FOPD,P036-C19,2020-05-30,P036-C19_2020-05-30,mid,4,23,19,39.19,123.84,94.32,1.93,,142.85,,356.09,,,445.71,54.72,94.24,,40.46,,,11.97,,,91.89,,,,,,,,2070.59,,1903.22,2488.78,4072.28,12.81,81.90,80.21,,
EM11FOPL,P037-C19,2020-05-30,P037-C19_2020-05-30,mid,4,54,9,239.18,,120.74,6.94,,,,,,,2400.37,8.29,,30.50,1506.00,,,6.27,,,1601.13,,,,,,,,,,555.04,1095.04,201.02,26.30,55.15,60.49,,
EM11FOPP,P044-C19,2020-05-29,P044-C19_2020-05-29,mid,2,45,10,110.94,,86.24,19.21,,,,,,,3503.61,9.74,87.52,,195.29,,,18.15,,,132.45,,,,,,,,19.92,64.78,683.40,393.16,2036.27,15.65,32.56,,,176.28
EM11FORE,P056-C19,2020-06-29,P056-C19_2020-06-29,enrollment,0,2,0,28.00,41.21,100.31,2.07,,,,,,,2196.73,14.42,,21.28,250.43,,,11.03,790.35,,38.33,,,,,,,,102.97,,16.29,627.84,713.22,,11.56,30.53,,111.61
EM11FOT1,P043-C19,2020-05-29,P043-C19_2020-05-29,mid,2,11,18,96.48,,109.62,,,55.01,,,,,7179.17,11.99,75.37,,958.36,,25.78,12.90,55.72,,224.40,11.10,11.27,,,,92.63,,16.17,14.13,56.64,614.11,959.99,1391.26,79.42,27.60,39.90,147.44
EM11FPQF,P008-C19,2020-07-02,P008-C19_2020-07-02,followup,48,51,49,15.31,79.13,92.73,6.59,,,,,,,10873.54,9.53,114.62,14.41,1113.65,,63.67,4.97,1643.62,,,28.71,38.01,2.99,,,410.53,9.25,36.12,,29.80,197.61,340.47,7.11,35.64,12.83,183.12,
EM11FPS4,P018-C19,2020-07-02,P018-C19_2020-07-02,followup,43,45,45,30.72,55.22,112.81,15.09,475.99,,13.92,,,33.79,92.30,15.23,377.75,25.00,657.90,7.83,549.43,13.53,84.99,10.36,44.13,392.47,278.29,12.32,2.32,,3542.73,84.90,248.57,,140.28,419.59,492.64,7.25,39.03,15.71,717.34,180.61
EM11FPTS,P014-C19,2020-07-02,P014-C19_2020-07-02,followup,44,72,46,21.35,32.31,149.84,2.35,,,,,,,2207.41,6.21,,,1797.23,,10.81,5.30,1078.48,,25.17,,5.86,,,,57.22,,9.56,,12.22,415.80,323.18,,50.17,20.44,27.56,
EM11FQ3B,P019-C19,2020-07-01,P019-C19_2020-07-01,followup,42,50,44,83.21,20.06,217.54,4.46,,,,,,,478.53,,,,1224.53,,8.09,,2968.25,,40.53,,,,,,,,6.72,,6.63,203.70,512.71,,27.56,17.92,8.85,
EM11FQFG,P048-C19,2020-06-12,P048-C19_2020-06-12,mid,11,28,28,10.82,41.21,126.03,12.97,,,,,,,1419.50,91.43,112.45,,393.34,,6.70,9.46,,7.95,895.74,,,,,,,6.07,56.22,,2627.03,957.06,1364.13,27.36,50.19,56.03,,
EM11FQFK,P048-C19,2020-06-13,P048-C19_2020-06-13,mid,12,29,29,10.20,61.18,111.95,15.60,,,,,,,1308.50,147.12,,,353.40,,6.46,11.03,59.61,7.34,2130.01,,,,,,,4.60,85.42,,2139.52,2217.78,2174.92,22.10,81.92,85.18,,
EM11FQFS,P033-C19,2020-06-13,P033-C19_2020-06-13,mid,20,23,22,18.66,48.65,128.24,5.97,7621.69,684.39,,,,,2600.93,2955.30,204.14,21.28,285.76,,173.55,19.38,,,646.77,130.84,84.25,4.80,,,907.05,20.08,955.77,,925.80,1693.10,6438.68,31.75,177.34,155.26,353.41,
EM11FQG2,P033-C19,2020-06-20,P033-C19_2020-06-20,mid,27,30,29,25.86,26.87,82.90,7.82,23630.06,764.25,,,,,395.50,24.43,104.36,,152.12,,60.22,15.38,,,45.55,32.08,26.40,,,,235.23,8.96,40.07,,83.36,1835.04,1083.88,14.19,36.02,19.50,87.36,
EM11FQG5,P025-C19,2020-06-19,P025-C19_2020-06-19,mid,29,32,30,232.57,,127.43,14.54,,,,,,,3303.45,8.71,96.72,,454.45,,,5.62,,,,,,,,,,,5.37,,522.08,579.43,788.66,13.89,46.33,17.61,,
EM11FQH4,P004-C19,2020-06-12,P004-C19_2020-06-12,mid,30,46,32,38.01,115.20,107.63,30.53,,,11.87,,,,3604.14,16.84,186.78,14.41,360.34,8.57,180.28,9.62,,,70.63,75.92,93.13,5.16,,,1537.76,21.99,88.00,,89.47,328.53,670.48,,58.72,27.91,403.00,137.71
EM11FQHA,P057-C19,2020-07-05,P057-C19_2020-07-05,preenrollment," -1",14,0,46.26,81.44,63.08,6.10,,,,,156.75,26.47,131.61,11.99,,13.63,814.35,7.83,17.37,9.30,986.57,,108.89,7.34,7.96,5.52,,,102.09,6.95,11.82,9.97,8.50,209.28,108.95,,22.86,12.99,91.34,120.63
EM11FQIV,P057-C19,2020-07-06,P057-C19_2020-07-06,enrollment,0,15,1,72.39,81.44,43.71,3.91,,,,,96.17,21.97,64.99,7.47,,,495.46,,16.51,8.19,407.28,,37.59,7.01,7.55,3.17,,,100.52,4.60,11.05,12.53,7.74,104.02,108.22,,9.30,6.28,70.11,
EM11FQKO,P057-C19,2020-06-09,P057-C19_2020-06-09,preenrollment," -27"," -12"," -26",15.61,55.22,136.26,9.12,1276.46,,,,,,3669.07,76.87,,33.04,505.14,,9.91,16.31,73.67,,3296.39,,,,,,,,1580.15,,507.09,240.57,2080.88,19.06,42.14,25.12,,98.28
EM11FQLA,P058-C19,2020-07-08,P058-C19_2020-07-08,enrollment,0," -7",3,61.65,71.88,75.13,6.76,112.21,,,,,,11603.30,8.29,,12.84,220.54,,14.78,8.82,4044.20,,27.60,7.67,8.38,3.35,,,37.19,,6.72,19.95,8.90,75.66,127.88,7.32,23.22,16.34,36.75,
EM11FQMV,P058-C19,2020-07-07,P058-C19_2020-07-07,preenrollment," -1"," -8",2,273.22,94.36,73.05,6.46,95.79,50.81,8.46,,,16.34,11503.51,11.17,,20.53,436.78,,19.93,9.14,64.76,,38.33,14.67,10.86,7.48,,,73.48,,14.99,21.30,281.55,102.60,284.95,13.68,26.28,23.88,61.44,
EM11FQOK,P058-C19,2020-07-06,P058-C19_2020-07-06,preenrollment," -2"," -9",1,73.48,90.21,73.94,14.42,116.84,,,,,,11818.08,10.76,,17.49,354.30,,18.23,10.09,1595.87,,39.06,11.26,9.62,4.44,,,63.76,,10.27,25.79,28.21,71.71,176.61,10.69,23.58,16.66,51.17,
EM11FS1L,P059-C19,2020-07-11,P059-C19_2020-07-11,preenrollment," -2"," -2",2,107.37,41.21,120.50,10.58,112.21,,,,,120.08,1928.19,10.76,,,321.46,,,20.45,341.24,,200.24,,,,,,,,32.11,18.22,260.68,4378.49,896.35,16.77,73.73,26.36,,168.95
EM11FS3N,P059-C19,2020-07-12,P059-C19_2020-07-12,preenrollment," -1"," -1",3,96.65,,94.45,4.77,,,,,,20.84,1965.90,,,,258.57,,,8.19,897.93,,72.22,,,,,,,,14.99,13.34,71.01,1117.20,381.29,,51.15,16.02,,198.77
EM11FS3O,P059-C19,2020-07-13,P059-C19_2020-07-13,enrollment,0,0,4,125.93,41.21,96.42,,,,,,,,1685.80,5.80,,,283.92,,,7.87,3579.48,,45.20,,,,,,,,14.69,13.34,8.32,2049.49,358.95,,46.34,17.92,,274.74
EM11FS59,P059-C19,2020-07-13,P059-C19_2020-07-13,enrollment,0,0,4,123.34,,93.00,,,,,,,,1725.59,,,,297.18,,,6.27,3281.01,,38.33,,,,,,,,15.43,11.28,8.29,2075.74,351.79,,46.81,18.24,,267.79
EM11FTLR,P059-C19,2020-07-09,P059-C19_2020-07-09,preenrollment," -4"," -4",0,39.63,32.31,54.45,29.87,779.56,,,,,163.19,2497.61,45.02,,,329.36,,,57.45,432.98,,413.36,,,,,,,,138.57,24.85,45.67,3389.85,358.20,,44.21,12.51,,144.24
EM11FVRV,P050-C19,2020-07-22,P050-C19_2020-07-22,followup,41,49,44,22.60,41.21,188.86,1.88,,,,,,,5442.22,30.75,,43.74,996.84,,11.71,13.21,2250.76,,24.35,,,,,,,,7.71,10.85,17.08,429.57,325.54,5.68,39.62,4.94,,
EM11FVWQ,P004-C19,2020-07-22,P004-C19_2020-07-22,followup,70,86,72,17.33,61.18,64.53,17.87,,50.81,10.50,,,,594.73,20.05,231.15,23.89,782.08,,222.11,10.72,54.42,,62.55,83.69,99.96,5.25,,,1417.91,27.65,92.75,,69.60,1332.76,425.86,,32.73,33.74,342.83,
EM11FW3J,P033-C19,2020-07-23,P033-C19_2020-07-23,followup,60,63,62,24.64,55.22,117.40,5.26,12929.58,75.34,,,,,341.26,33.50,227.65,15.18,257.17,,191.93,19.99,415.87,,50.79,138.26,84.99,3.72,,,881.85,25.50,82.76,,76.09,486.86,716.38,5.83,41.28,24.19,318.67,
EM11FWDM,P051-C19,2020-07-20,P051-C19_2020-07-20,followup,39,66,62,63.37,140.01,85.82,12.29,1384.61,64.46,27.64,,,38.29,3987.40,68.80,243.46,46.56,2955.78,36.77,328.74,32.10,225.57,9.56,441.66,200.42,109.71,11.54,3.97,,1472.83,37.74,159.12,27.92,1296.66,366.62,1013.33,21.90,62.89,43.45,371.63,654.45
EM11FWFW,P049-C19,2020-07-23,P049-C19_2020-07-23,followup,42,50,47,12.70,66.70,136.14,1.40,,50.81,,,,99.16,6339.46,44.44,,,973.51,23.77,,7.87,779.22,,196.74,,,,,,53.92,5.19,3.05,11.70,23.96,3676.36,857.55,8.92,32.91,70.83,,
EM11FY6J,P029-C19,2020-07-30,P029-C19_2020-07-30,followup,67,85,81,,32.31,52.85,,,,,,,,2323.17,8.29,,27.21,532.43,,,5.95,54.42,,124.72,,,,,,,,3.42,,4.44,229.48,702.53,,27.31,21.54,,
EM11G13R,P057-C19,2020-08-13,P057-C19_2020-08-13,followup,38,53,39,24.01,76.77,116.80,8.60,112.21,,,,,32.10,2046.47,8.71,,14.41,902.95,13.32,23.29,12.75,1098.16,,73.80,12.89,11.68,4.44,,,114.59,7.24,18.99,24.54,9.85,415.62,527.94,4.90,34.82,11.86,101.44,162.96
EM11G15G,P054-C19,2020-08-13,P054-C19_2020-08-13,followup,57,64,58,17.60,71.88,271.84,18.63,,,,,,,3517.16,7.47,,16.73,959.27,,21.19,9.46,413.72,,33.07,,13.30,5.16,,,57.22,,12.58,9.97,24.65,285.83,877.31,,35.22,23.88,46.17,102.18
EM11G123,P056-C19,2020-08-13,P056-C19_2020-08-13,followup,45,47,45,7.59,48.65,186.40,,,,,,,,1015.41,,,29.41,301.73,,,7.55,517.69,,16.15,,,,,,,,,,13.95,345.73,383.84,,8.25,39.52,,122.40
EM11G175,P053-C19,2020-08-13,P053-C19_2020-08-13,followup,57,,57,5.79,61.18,164.18,4.28,,,,,,,1682.11,6.21,,,1293.12,,,,500.86,,45.20,,,,,,,,,13.34,18.43,703.12,337.55,,26.33,15.71,,
